110001
110002
110003
110004
110005
110006
110007
110008
110009
110010
110011
110012
110013
110014
110015
110016
110017
110018
110019
110020
110021
110022
110023
110024
110025
110026
110027
110028
110029
110030
110031
110032
110033
110034
110035
110036
110037
110038
110039
110040
110041
110042
110043
110044
110045
110046
110047
110048
110049
110050
110051
110052
110053
110054
110055
110056
110057
110058
110059
110060
110061
110062
110063
110064
110065
110066
110067
110068
110069
110070
110071
110072
110073
110074
110075
110076
110077
110078
110079
110080
110081
110082
110083
110084
110085
110086
110087
110088
110089
110090
110091
110092
110093
110094
110095
110096
110097
110098
110099
110100
110101
110102
110103
110104
110105
110106
110107
110108
110109
110110
110112
110113
110114
110115
110116
110117
110118
110119
110120
110121
110122
110124
110125
110201
110202
110203
110204
110205
110206
110207
110208
110301
110302
110401
110402
110403
110501
110502
110503
110504
110505
110506
110507
110508
110509
110510
110511
110512
110601
110602
110603
110604
110605
110606
110607
110608
110609
110610
110611
111001
120001
120002
120004
121000
121001
121002
121003
121004
121005
121006
121007
121008
121009
121010
121011
121012
121013
121014
121015
121101
121102
121105
121108
121201
121202
121203
121204
121205
121206
121207
121208
121209
121210
121211
121212
121213
121214
121215
121216
121217
121218
121219
121220
122000
122001
122002
122003
122004
122005
122006
122007
122008
122009
122010
122011
122012
122013
122014
122015
122016
122017
122018
122019
122020
122021
122022
122023
122024
122026
122027
122029
122050
122051
122052
122055
122100
122101
122102
122103
122105
122106
122109
122200
122203
122204
122206
122207
122208
122209
122210
122211
122212
122213
122214
122215
122216
122217
122218
122219
122410
122411
122412
122413
122415
122416
122501
122502
122503
122504
122505
122506
122507
123000
123003
123004
123104
123105
123106
123107
123108
123109
123110
123304
123307
123308
123309
123400
123401
123405
123413
123414
123501
123502
123503
123504
123505
123506
123507
123508
124001
124003
124004
124005
124006
124007
124008
124019
124023
124024
124025
124026
124028
124029
124101
124103
124104
124105
124107
124108
124109
124110
124114
124115
124116
124117
124118
124119
124121
124122
124123
124124
124125
124126
124127
124128
124129
124140
124141
124146
124201
124202
124203
124204
124205
124301
124302
124304
124305
124306
124307
124308
124309
124402
124403
124404
124405
124407
124408
124409
124410
124412
124413
124415
124416
124417
124418
124501
124502
124503
124504
124505
124506
124507
124508
124509
124510
124511
124512
124515
124516
124518
124519
124520
124521
124522
124523
124524
124525
124526
124527
124528
124529
125000
125001
125002
125003
125004
125005
125006
125007
125008
125009
125011
125012
125030
125031
125032
125033
125034
125035
125036
125037
125038
125040
125041
125042
125043
125044
125045
125046
125112
125113
125119
126001
126006
126007
126008
126010
126011
126013
126014
126015
126025
126027
126101
126102
126103
126104
126105
126106
126107
126108
126109
126117
126118
126119
126120
126121
126122
126123
126124
126126
126127
126128
126129
126150
126151
126153
126154
127020
127021
127114
131000
131001
131002
131003
131021
131023
131024
131025
131026
131027
131028
131029
131030
131031
131032
131033
131034
131035
131036
131037
131038
131039
131040
131105
131106
131107
131108
131109
131110
131111
131112
131113
131115
131303
131310
131401
131403
131407
132000
132001
132002
132003
132004
132020
132021
132022
132023
132024
132025
132026
132027
132029
132032
132034
132035
132036
132037
132038
132043
132044
132045
132047
132048
132049
132050
132051
132052
132053
132058
132100
132101
132102
132103
132110
132111
132112
132115
132118
132119
132120
132121
132123
132124
132125
132128
132129
132130
132131
132132
132133
132134
132135
132136
132137
132138
132139
132141
132142
132143
132144
132146
132147
132148
132149
132150
132151
132152
132153
132154
132155
133000
133001
133002
133003
133004
133005
133006
133007
133008
133010
133021
133101
133102
133104
133105
133202
133203
133205
133207
133208
133301
133302
134000
134001
134002
134003
134004
134005
134006
134007
134008
134009
134011
134012
134101
134102
134103
134104
134108
134109
134110
134111
134112
134113
134114
134115
134116
134117
134119
134151
134152
134205
134206
134603
135000
135001
135101
135104
135105
135136
136036
136116
136118
136119
136128
136129
136130
136131
136132
136134
136135
136136
140000
140001
140002
140055
140100
140104
140105
140106
140107
140109
140120
140127
140128
140201
140202
140203
140204
140302
140303
140304
140305
140306
140307
140308
140309
140401
140402
140405
140410
140411
140413
140414
140415
140416
140417
140418
140419
140501
140502
140503
140504
140506
140507
140508
140601
140602
140603
140604
140701
140702
140803
140901
140902
140903
140904
140905
140906
140907
140908
140909
141000
141001
141002
141003
141004
141005
141006
141007
141008
141009
141010
141011
141012
141013
141014
141015
141016
141017
141018
141019
141020
141021
141022
141023
141024
141025
141026
141027
141028
141029
141101
141102
141103
141104
141105
141111
141116
141117
141118
141120
141122
141123
141126
141128
141201
141202
141203
141204
141205
141206
141207
141208
141209
141403
141407
141410
141416
141417
141418
141420
142001
142002
142020
142021
142022
142023
142024
142027
142029
142051
142054
142059
143000
143001
143002
143003
143004
143005
143006
143007
143008
143009
143010
143011
143012
143013
143014
143015
143016
143017
143018
143019
143021
143022
143026
143035
143036
143101
143102
143103
143104
143105
143106
143107
143108
143109
143110
143111
143113
143114
143115
143116
143119
143144
143149
143200
143203
143206
143207
143208
143209
143305
143306
143307
143308
143309
143310
143312
143314
143315
143317
143318
143319
143322
143327
143338
143339
143340
143347
143370
143371
143372
143380
143382
143414
143417
143418
143501
143502
143503
143508
143601
143603
143607
144001
144002
144003
144004
144005
144006
144007
144008
144009
144010
144011
144012
144013
144014
144015
144016
144017
144018
144019
144020
144021
144022
144023
144024
144025
144026
144027
144028
144029
144030
144032
144033
144034
144035
144036
144037
144038
144042
144043
144044
144045
144046
144047
144048
144049
144101
144102
144103
144104
144105
144106
144107
144108
144109
144201
144208
144209
144210
144218
144225
144301
144302
144303
144307
144308
144309
144310
144311
144312
144313
144314
144315
144316
144317
144318
144319
144400
144401
144403
144407
144408
144419
144511
144533
144601
144603
144604
144623
144630
144631
144633
144634
144635
144636
144637
144638
144639
144702
144703
144704
144705
144706
144707
144708
144709
144800
144803
144805
145001
145003
145004
145005
145021
146001
146002
146003
146004
146005
146006
146007
146008
146009
146020
146021
146022
146023
146024
146100
146101
146102
146103
146110
146112
146113
146114
146115
146116
146519
147001
147023
147104
147201
147204
147205
147208
147301
148000
148001
148004
148005
148006
148007
148008
148009
148018
148032
148036
148038
148039
148101
148111
148112
148113
148114
148115
148116
148117
148120
151001
151002
151003
151004
151005
151006
151007
151101
151102
151107
151109
151110
151201
151309
151401
152020
160001
160002
160003
160004
160005
160006
160007
160008
160009
160010
160011
160012
160013
160014
160015
160016
160017
160018
160019
160020
160021
160022
160023
160024
160025
160026
160027
160028
160029
160030
160031
160032
160033
160034
160035
160036
160037
160038
160039
160040
160041
160042
160043
160044
160045
160046
160047
160048
160049
160050
160051
160052
160053
160054
160055
160056
160057
160058
160059
160060
160061
160062
160063
160064
160065
160066
160067
160068
160069
160070
160071
160072
160073
160074
160075
160076
160077
160078
160079
160101
160102
160103
160104
160106
160107
160121
160122
160123
160124
160125
160126
160127
160128
160129
160130
160131
160132
160133
160134
160135
160136
160137
160138
160139
171001
171016
171017
171101
171108
171215
171223
171305
171306
172028
172035
172036
173201
173205
173220
173224
173226
173227
173228
174103
174146
174301
174303
174515
176122
176123
177032
177035
177201
177203
177214
177216
177217
177218
180000
180001
180002
180003
180004
180005
180006
180007
180008
180009
180010
180011
180012
180013
180014
180015
180016
180017
180019
181008
181101
181102
181103
181104
181105
181111
181112
181113
181114
181121
181122
181123
181124
181131
181132
181133
181134
181142
181144
181145
181151
181152
181209
181212
181223
184210
201000
201001
201002
201003
201004
201005
201006
201007
201008
201009
201010
201011
201012
201013
201014
201015
201016
201017
201018
201019
201020
201021
201022
201023
201024
201025
201026
201027
201028
201029
201101
201104
201105
201106
201107
201108
201109
201200
201201
201202
201204
201205
201206
201300
201301
201303
201304
201305
201306
201307
201308
201309
201310
201311
201312
201313
201314
201315
201316
201317
201318
202001
202120
202144
202151
202172
202302
202305
202383
202384
203003
203133
203135
203141
203145
203155
203200
203201
203202
203207
203208
203209
203298
204101
204105
204210
205136
205137
205138
205139
205143
205146
205148
208001
208002
208003
208004
208005
208006
208007
208008
208009
208010
208011
208012
208013
208014
208015
208016
208017
208018
208019
208020
208021
208022
208023
208024
208025
208026
208027
208028
208029
209212
209213
209214
209215
209216
209217
209218
209219
209291
209292
209293
209304
209305
209401
209402
209407
209801
209808
209820
209822
209823
209824
209851
209860
210000
210010
210101
210122
210214
210247
210302
210303
210310
210433
210434
210435
211001
211002
211003
211004
211005
211006
211007
211008
211009
211010
211011
211012
211013
211014
211015
211016
211017
211018
211019
211020
211021
211022
211023
211024
211025
211026
211027
211028
211029
212011
212101
212102
212103
212105
212110
212112
212128
212141
212143
212165
212208
212209
212210
212211
212212
212213
212215
212219
212300
212309
212310
212403
212406
212407
212408
212409
212410
212501
212504
212505
212506
212508
212602
212604
212605
212623
212662
220000
220001
220002
220003
220004
220005
220006
220007
220008
220009
221001
221002
221003
221004
221005
221006
221007
221010
221011
221013
221014
221015
221016
221017
221018
221019
221100
221101
221102
221103
221104
221105
221106
221107
221108
221109
221110
221111
221112
221113
221114
221116
221117
221118
221119
221205
221210
221212
221213
221312
221315
221403
221405
221407
221501
221504
221506
221509
221605
221606
221706
224001
224124
224166
224167
224175
224184
224198
224223
224224
224226
224241
224243
224244
224245
224246
224264
225001
225113
225407
226000
226001
226002
226003
226004
226005
226006
226007
226008
226009
226010
226011
226012
226013
226014
226015
226016
226017
226018
226019
226020
226021
226022
226023
226024
226025
226027
226028
226029
226031
226032
226033
226034
226035
226036
226037
226038
226039
226101
226102
226103
226104
226105
226106
226107
226108
226109
227001
227002
227003
227004
227005
227006
227007
227008
227009
227101
227102
227103
227104
227105
227106
227107
227108
227109
227112
227113
227118
227119
227120
227121
227122
227132
227133
227134
227135
227136
227137
227138
227139
227201
227202
227203
227204
227206
227207
227208
227209
229001
229006
229009
229313
229315
229403
229409
229506
229508
229805
229806
229827
231229
232334
232335
232337
232338
232341
232342
232343
232344
232345
233201
233208
233211
233213
233214
233234
233235
233236
233308
233309
233312
233313
233314
240405
242001
242102
242103
242222
242225
242227
242228
242229
242230
242231
242232
242233
242234
242300
242308
242309
242404
242408
242409
242410
242411
242413
242416
242417
242418
242420
242421
243001
243002
243003
243005
243006
243007
243008
243009
243121
243122
243123
243124
243125
243126
243127
243128
243129
243202
243204
243205
243206
243207
243208
243209
243210
243211
243212
243213
243214
243215
243216
243217
243218
243219
243304
243305
243306
243339
243400
243404
243405
243408
243409
243411
243502
243507
243508
243509
244001
244013
244105
244443
244713
244717
244719
244720
244901
244902
245101
245206
245301
245302
245303
245304
245305
245306
245307
245308
245309
245406
245410
246042
246104
246124
246126
246129
246131
246132
246133
246135
246142
246146
246159
246162
246163
246165
246168
246170
246176
246178
246185
246186
246188
246189
246191
246192
246247
246278
246280
246281
246423
246426
246437
246438
246442
246445
246447
246448
246450
246451
246452
246453
246454
246456
246458
246470
246476
246477
246482
246485
246486
246487
246488
246489
246490
246495
247001
247003
247005
247006
247008
247009
247111
247235
247236
247323
247325
247661
247667
247668
247672
247673
247677
248000
248001
248002
248003
248004
248005
248006
248007
248008
248009
248010
248011
248012
248013
248014
248015
248017
248018
248101
248102
248110
248115
248116
248118
248119
248121
248124
248126
248141
248146
248147
248158
248160
248161
248164
248165
248167
248171
248191
248196
248197
248201
248202
248203
248252
248258
248259
249104
249106
249125
249127
249134
249136
249142
249147
249148
249149
249150
249153
249156
249162
249179
249182
249201
249206
249306
249401
249402
249403
249404
249407
249408
249409
249410
249411
249413
250000
250001
250002
250003
250004
250005
250006
250007
250008
250009
250010
250013
250102
250103
250104
250105
250106
250107
250108
250109
250110
250117
250201
250202
250203
250204
250205
250206
250207
250208
250209
250210
250211
250212
250213
250214
250215
250216
250217
250218
250219
250221
250222
250223
250230
250231
250232
250233
250234
250235
250236
250237
250238
250239
250341
250342
250343
250344
250346
250347
250348
250349
250401
250402
250403
250404
250406
250501
250502
250503
250504
250505
250506
250507
250508
250509
250624
250626
250627
250628
250629
251001
251210
262312
262402
262404
262408
262410
262411
262412
262413
262414
263130
263139
263144
263145
263146
263147
263148
263149
263150
263152
263153
263154
263161
263165
271001
271006
271127
271128
271130
271212
271213
271214
271216
271217
271314
271315
271316
271317
271318
271320
271321
271404
271405
271407
271408
271409
271410
271411
271413
271506
271605
271606
271610
271864
271866
273001
273002
273003
273004
273005
273006
273007
273008
273009
273010
273011
273012
273013
273014
273015
273016
273017
273149
273152
273153
273306
273414
273415
273416
273417
275100
275101
275102
275105
275107
275206
275207
275208
275209
275305
275306
276306
276405
281001
281112
281304
282000
282001
282002
282003
282004
282005
282006
282007
282008
282009
282010
282011
282012
282013
282014
282015
282016
282017
282018
282019
283101
283102
283104
283105
283106
283107
283108
283109
283110
283111
283112
283113
283114
283115
283119
283121
283122
283123
283124
283125
283126
283201
283202
283203
283208
283209
284001
284002
284003
284006
284407
301000
301001
301002
301004
301011
301016
301017
301018
301019
301020
301021
301023
301028
301029
301030
301031
301032
301033
301034
301036
301037
301038
301039
301406
301415
301416
301417
301418
301419
301420
301421
301422
301423
301424
301425
301426
301700
301704
301705
301706
301707
301710
301711
302000
302001
302002
302003
302004
302005
302006
302007
302008
302009
302010
302011
302012
302013
302014
302015
302016
302017
302018
302019
302020
302021
302022
302023
302024
302025
302026
302029
302030
302031
302033
302034
302035
302036
302037
302041
302042
302043
302044
302045
302046
302901
302902
302903
302904
302905
302906
302907
302908
302909
303001
303002
303003
303005
303006
303007
303008
303009
303010
303011
303012
303013
303014
303015
303016
303017
303018
303019
303104
303122
303123
303124
303330
303340
303341
303349
303902
303905
305001
305005
305009
305011
305012
305014
305021
305026
305205
305409
305410
305411
305413
305414
305416
305626
305629
305630
305805
305928
307033
307034
307035
307036
307037
307038
307039
311001
311012
311013
311020
311027
311028
311030
311031
311032
311303
311400
311405
311406
311607
311608
311609
311808
311809
312000
312208
312608
312609
312610
312618
312625
312627
313001
313002
313003
313004
313005
313006
313007
313008
313009
313010
313011
313012
313013
313014
313015
313016
313017
313018
313019
313020
313021
313022
313023
313024
313025
313029
313030
313032
313034
313209
313210
313212
313303
313335
313336
313337
313340
313606
313607
313608
313609
313610
313612
313613
313707
313709
313710
313805
313806
313907
314004
314012
314013
314033
314037
314405
314407
314802
314803
314806
321001
321006
321020
321027
321029
321207
321208
321209
321210
321211
321305
321407
321412
321413
321414
321415
321416
321417
321418
321419
321420
321421
321422
321423
321424
321425
321426
321427
321428
321429
321430
321603
321604
321614
321615
321630
321631
321632
321634
321636
321637
321638
321639
321641
321642
323026
323604
323606
324001
324002
324003
324004
324005
324006
324007
324008
324009
324010
325003
325006
325007
325008
325203
325210
325214
325225
325226
325227
325619
326510
328216
331033
332001
332022
332026
332030
332031
332034
332037
332039
332040
332043
332044
332045
332306
332308
332312
332313
332314
332407
332412
332413
332604
332605
332704
332712
332722
332723
332724
332725
332726
332727
332728
332729
332730
332731
332732
332733
332734
332735
332736
332737
332738
332739
332740
332741
332743
332744
332745
332747
332748
334001
334007
334306
334404
335009
342001
342002
342003
342004
342005
342006
342007
342008
342009
342010
342011
342012
342013
342014
342015
342016
342017
342018
342019
342020
342022
342024
342025
342026
342027
342028
342030
342031
342032
342033
342034
342035
342036
342037
342038
342039
342304
342309
342607
342608
342609
342802
342803
342804
342805
342806
342807
342808
342809
343005
343011
343026
343031
343033
343034
343043
343044
343045
343046
343047
360000
360001
360002
360003
360004
360005
360006
360007
360008
360009
360020
360021
360022
360024
360025
360026
360027
360028
360029
360031
360032
360034
360035
360037
360040
360045
360055
360060
360070
360075
360080
360150
360311
360320
360325
360330
360521
360535
360583
360585
361001
361002
361003
361004
361005
361006
361007
361008
361009
361011
361012
361013
361014
361015
361016
361017
361018
361019
361110
361111
361112
361113
361114
361115
361116
361117
361118
361119
361120
361121
361122
361123
361124
361125
361126
361127
361128
361129
361130
361131
361132
361133
361134
361135
361136
361137
361138
361139
361143
361144
361145
361146
361147
361148
361149
361150
361151
361152
361153
361154
361155
361156
361157
361158
361159
361285
361290
361295
361301
361312
361316
361321
361322
361336
362001
362005
362012
362013
362014
362021
362027
362111
362132
362133
362136
362142
362151
362155
362216
362223
362224
362228
362242
362243
362246
362248
362249
362256
362257
362259
362615
362621
362623
362624
362626
362627
362633
362634
362652
362653
363001
363007
363041
363045
363102
363311
363312
363313
363314
363315
363331
363332
363333
363334
363362
363411
363412
363416
363424
363426
363521
363522
363535
363623
363626
363631
363636
363641
363644
363645
363651
363665
363666
363667
363668
363669
363717
363745
363750
363755
363760
363775
363780
364001
364055
364061
364071
364151
364261
364262
364276
364302
364311
364312
364315
364335
364340
364365
364460
364465
364470
364480
364481
364490
364506
364507
364508
364535
364536
364537
364540
364545
364550
364555
364560
364561
364565
364570
364712
364713
364714
364741
370001
370003
370005
370008
370111
370132
370141
370147
370156
370157
370168
370169
370201
370204
370211
370212
370213
370214
370215
370216
370217
370218
370219
370231
370232
370233
370234
370235
370236
370237
370238
370239
370422
370440
370515
370611
370635
370641
370671
380000
380001
380002
380003
380004
380005
380006
380007
380008
380009
380010
380011
380012
380013
380014
380015
380016
380017
380018
380019
380020
380021
380022
380023
380024
380025
380026
380027
380028
380029
380030
380038
380040
380041
380042
380043
380044
380045
380046
380047
380048
380049
380050
380051
380052
380053
380054
380055
380056
380057
380058
380059
380060
380061
380062
380063
382000
382001
382002
382003
382004
382005
382006
382007
382008
382009
382010
382011
382012
382013
382014
382015
382016
382017
382018
382019
382020
382021
382022
382023
382024
382025
382026
382027
382028
382029
382030
382032
382041
382042
382043
382044
382045
382051
382110
382115
382117
382121
382122
382130
382139
382151
382155
382170
382210
382211
382212
382213
382214
382215
382220
382225
382230
382231
382232
382233
382234
382235
382236
382237
382238
382239
382240
382241
382242
382243
382244
382246
382247
382248
382249
382260
382261
382262
382263
382264
382265
382266
382267
382268
382269
382270
382271
382272
382273
382274
382275
382276
382277
382278
382279
382308
382316
382320
382321
382324
382325
382327
382330
382331
382332
382333
382334
382335
382336
382337
382338
382339
382340
382341
382342
382343
382344
382345
382346
382347
382348
382349
382350
382351
382352
382353
382354
382355
382356
382357
382358
382359
382360
382404
382405
382410
382415
382418
382420
382422
382423
382424
382425
382426
382427
382428
382430
382431
382432
382433
382434
382435
382436
382437
382438
382439
382440
382442
382443
382445
382449
382451
382452
382453
382454
382456
382457
382458
382459
382470
382471
382472
382473
382474
382475
382476
382477
382478
382479
382480
382481
382482
382483
382484
382485
382486
382487
382488
382489
382610
382620
382625
382630
382640
382644
382650
382655
382701
382704
382705
382706
382707
382708
382709
382711
382715
382716
382718
382720
382721
382722
382723
382724
382725
382726
382727
382728
382729
382735
382740
382741
382742
382743
382751
382770
382780
382781
382805
382806
382812
382816
382823
382826
382831
382832
382833
382836
382851
382856
382857
382861
382862
382863
382867
382868
382871
382875
382880
384001
384002
384011
384131
384132
384133
384165
384176
384206
384211
384213
384222
384228
384311
384318
384319
384321
384323
384327
384328
384329
384350
384365
384370
384375
384380
384385
384411
384412
384415
384441
384445
384460
384465
384470
384520
384540
384550
384560
384565
387001
387003
387100
387107
387111
387113
387135
387250
387331
387366
387382
387385
387410
387420
387435
387515
387531
387534
387540
387600
387651
387655
387810
388001
388003
388005
388006
388007
388008
388009
388131
388132
388160
388201
388211
388212
388213
388216
388217
388226
388236
388238
388275
388308
388336
388361
388461
388465
388466
388485
388515
388531
388543
388544
388545
388555
388556
388585
388590
388641
388649
389350
389354
389355
390000
390001
390002
390003
390004
390005
390006
390007
390008
390009
390010
390011
390012
390013
390014
390015
390016
390017
390018
390019
390020
390021
390022
390023
390024
390025
390026
390027
390028
390029
391101
391102
391103
391104
391106
391107
391108
391109
391110
391111
391112
391113
391114
391116
391117
391118
391119
391120
391122
391123
391124
391125
391126
391127
391128
391129
391130
391131
391132
391133
391134
391135
391136
391137
391138
391139
391140
391141
391142
391143
391144
391145
391146
391147
391148
391149
391150
391151
391152
391153
391154
391157
391158
391159
391161
391162
391163
391164
391169
391230
391231
391232
391233
391234
391235
391236
391237
391238
391239
391242
391310
391320
391321
391322
391323
391324
391325
391326
391327
391328
391329
391330
391331
391332
391333
391334
391335
391336
391337
391338
391339
391340
391341
391342
391343
391344
391345
391346
391347
391348
391349
391350
391351
391352
391353
391354
391355
391356
391357
391358
391359
391410
391411
391412
391413
391414
391415
391416
391417
391418
391419
391420
391421
391422
391423
391424
391425
391426
391427
391430
391431
391440
391441
391442
391443
391445
391447
391450
391460
391461
391510
391520
391530
391535
391740
391742
391745
391750
391759
391760
391761
391765
391766
391770
391774
391775
391780
391815
391816
391817
391818
392001
392003
392005
392006
392007
392008
392009
392010
392013
392014
392027
392031
392102
392105
392111
392115
392120
392126
392161
392162
392163
392218
392221
392243
393001
393002
393004
393006
393008
393016
393028
393107
393131
393133
394101
394102
394103
394104
394105
394106
394108
394109
394112
394130
394131
394132
394133
394134
394135
394136
394137
394138
394139
394140
394141
394142
394143
394144
394145
394146
394147
394148
394149
394160
394161
394162
394163
394164
394165
394166
394167
394168
394169
394181
394182
394183
394184
394210
394211
394212
394216
394220
394221
394222
394223
394224
394225
394226
394227
394228
394229
394230
394235
394238
394240
394241
394242
394243
394244
394245
394247
394248
394249
394251
394301
394302
394303
394304
394305
394306
394307
394308
394309
394311
394320
394325
394327
394345
394363
394364
394378
394401
394402
394403
394404
394405
394406
394407
394408
394409
394510
394511
394512
394513
394514
394517
394519
394520
394521
394522
394523
394524
394525
394526
394527
394528
394529
394541
394550
394551
394552
394553
394554
394555
394556
394557
394558
394559
394608
394620
394621
394622
394623
394624
394625
394626
394627
394628
394629
394631
394632
394633
394636
394664
394675
394711
394712
394713
394714
394717
394718
394719
394721
394722
394723
394724
394725
394726
394727
394728
394729
395001
395002
395003
395004
395005
395006
395007
395008
395009
395010
395011
395012
395014
395015
395016
395017
395018
395019
395020
395021
395022
395023
395024
395025
395026
395027
395028
395029
395161
395162
395163
395164
395165
395166
395167
395168
395169
395210
395211
395212
395213
395214
395215
395216
395217
395218
395219
395341
395342
395343
395344
395345
395346
395347
395348
395349
395371
395372
395373
395374
395375
395376
395377
395378
395379
395620
395650
395651
395652
395653
395654
395655
395656
395657
395658
395659
396001
396002
396003
396004
396005
396006
396007
396008
396009
396020
396023
396025
396030
396031
396035
396041
396042
396045
396055
396067
396068
396105
396106
396107
396108
396112
396115
396117
396121
396125
396126
396130
396135
396142
396145
396150
396152
396155
396156
396171
396172
396175
396180
396185
396191
396192
396193
396194
396195
396196
396197
396200
396201
396202
396209
396210
396211
396212
396213
396214
396216
396217
396218
396219
396220
396221
396222
396223
396224
396225
396226
396227
396228
396229
396230
396231
396235
396236
396238
396240
396245
396301
396330
396331
396340
396385
396431
396443
396444
396452
396480
396510
396511
396512
396513
396514
396515
396516
396517
396518
396519
396523
396525
396526
396527
396528
396562
396571
396575
396601
396602
396603
396604
396605
396606
396607
396608
396609
396620
396651
396656
396657
396658
396659
396660
396661
396662
396663
396664
396665
396666
396667
396668
396669
396670
396671
396674
396675
396681
396684
396687
396690
396691
396696
396697
396698
396704
396705
396709
396802
396804
396807
396856
396870
396880
396891
396902
396905
396908
396909
400000
400001
400002
400003
400004
400005
400006
400007
400008
400009
400010
400011
400012
400013
400014
400015
400016
400017
400018
400019
400020
400021
400022
400023
400024
400025
400026
400027
400028
400029
400030
400031
400032
400033
400034
400035
400036
400037
400038
400039
400040
400041
400042
400043
400044
400045
400046
400047
400048
400049
400050
400051
400052
400053
400054
400055
400056
400057
400058
400059
400060
400061
400062
400063
400064
400065
400066
400067
400068
400069
400070
400071
400072
400073
400074
400075
400076
400077
400078
400079
400080
400081
400082
400083
400084
400085
400086
400087
400088
400089
400090
400091
400092
400093
400094
400095
400096
400097
400098
400099
400100
400101
400102
400103
400104
400105
400106
400107
400108
400109
400125
400202
400206
400208
400209
400218
400547
400601
400602
400603
400604
400605
400606
400607
400608
400609
400610
400611
400612
400613
400614
400615
400617
400700
400701
400702
400703
400704
400705
400706
400707
400708
400709
400710
400713
400716
400901
401101
401102
401104
401105
401106
401107
401200
401201
401202
401203
401204
401205
401206
401207
401208
401209
401210
401211
401212
401214
401301
401302
401303
401304
401305
401400
401401
401402
401403
401404
401405
401406
401407
401409
401501
401502
401504
401505
401506
401607
401608
401609
401610
401616
401703
401706
401709
403001
403002
403003
403004
403005
403008
403100
403105
403106
403111
403112
403113
403203
403401
403405
403408
403412
403507
403514
403520
403521
403525
403601
403602
403605
403714
403717
403719
403721
403722
403723
403724
403725
403726
403727
403730
403801
403802
403807
403808
404501
404521
410035
410038
410101
410102
410105
410107
410109
410200
410201
410202
410203
410204
410206
410207
410208
410209
410210
410211
410212
410213
410214
410215
410216
410217
410218
410219
410220
410221
410222
410226
410303
410318
410404
410407
410500
410501
410506
410507
410510
410511
410514
410515
410516
410801
411000
411001
411002
411003
411004
411005
411006
411007
411008
411009
411010
411011
411012
411013
411014
411015
411016
411017
411018
411019
411020
411021
411022
411023
411024
411025
411026
411027
411028
411029
411030
411031
411032
411033
411034
411035
411036
411037
411038
411039
411040
411041
411042
411043
411044
411045
411046
411047
411048
411049
411050
411051
411052
411053
411054
411055
411056
411057
411058
411059
411060
411061
411062
411201
411212
411230
411501
411505
411507
412100
412101
412105
412106
412107
412108
412109
412111
412112
412113
412114
412115
412200
412201
412207
412208
412209
412216
412221
412223
412224
412225
412304
412307
412308
412309
412310
412312
412407
412413
412415
412800
412801
412809
413000
413001
413002
413003
413004
413005
413006
413007
413009
413102
413117
413119
413121
413122
413123
413124
413125
413126
413127
413128
413129
413230
413231
413232
413233
413234
413235
413236
413237
413238
413239
413240
413241
413244
413245
413246
413250
413254
413255
413311
413312
413313
413316
413318
413331
413377
413413
413416
413512
413533
413535
413536
413537
413538
413539
413540
413541
413542
413543
413545
413546
413547
413548
413549
413550
413552
413553
413554
413555
413556
413557
413558
413559
413560
413561
413562
413563
413564
413565
413566
413567
413568
413569
413570
413571
413572
413573
413574
413575
413576
413577
413579
413580
413581
413609
413610
413611
413612
413613
413614
413615
413616
413723
413724
413727
413729
413730
413732
413802
413832
414001
414002
414003
414004
414005
414103
414104
414107
414108
414109
414111
414112
414207
414404
414405
414410
414578
414608
414702
414703
414709
415001
415002
415003
415004
415005
415006
415007
415008
415009
415016
415017
415021
415023
415201
415204
415223
415225
415314
415345
415521
415522
415523
415526
415528
415529
415531
415532
415533
415534
415537
415570
415605
415607
415608
415618
415622
415623
415626
415627
415631
415633
415637
415641
415704
415721
415730
416001
416002
416003
416004
416005
416006
416007
416008
416009
416010
416011
416012
416014
416015
416016
416017
416101
416119
416122
416123
416125
416126
416127
416128
416132
416135
416137
416138
416146
416224
416225
416227
416228
416231
416316
416317
416318
416320
416321
416322
416416
416417
416422
416426
416428
416429
416435
416527
416530
416532
416535
416537
416538
416539
416540
416542
416544
416547
416607
416616
416618
416621
416622
416623
416624
416625
416632
416709
416710
416802
416803
416807
416809
416852
421100
421101
421200
421205
421300
421302
421304
421308
421309
421311
421312
421313
421403
421602
422001
422002
422003
422004
422005
422006
422007
422008
422009
422010
422011
422012
422014
422015
422101
422106
422107
422108
422109
422200
422216
422217
422218
422219
422220
422223
422307
422404
422405
422406
422407
422408
422409
422503
422617
422621
423113
423704
423709
424001
424003
424009
424110
424111
424112
424113
424114
424115
424117
424210
424312
424313
424314
424315
424316
424317
424318
425000
425001
425005
425006
425008
425102
425106
425117
425118
425119
425120
425121
425122
425123
425124
425125
425126
425127
425128
425131
425132
425133
425134
425135
425136
425211
425312
425313
425314
425315
425316
425317
425318
425319
425320
425321
425322
425323
425324
425325
425326
425336
425423
425425
425429
425430
425431
425433
425434
425435
425436
425437
425438
425439
425440
425441
425443
425445
425446
425447
425449
425450
425451
425453
425509
425510
425511
425512
425513
425514
425515
425516
425517
425518
425519
425520
425521
425522
425523
431001
431002
431003
431004
431005
431006
431007
431008
431009
431010
431012
431013
431014
431015
431016
431017
431106
431133
431134
431135
431136
431137
431139
431140
431141
431145
431146
431152
431200
431203
431210
431214
431302
431305
431406
431407
431524
431526
431527
431528
431529
431532
431533
431534
431538
431539
431706
431724
431725
431726
431727
431728
440001
440002
440003
440004
440005
440006
440007
440008
440009
440010
440011
440012
440013
440014
440015
440016
440017
440018
440019
440020
440021
440022
440023
440024
440025
440026
440027
440028
440029
440031
441100
441115
441116
441117
441118
441121
441213
441216
441227
441400
441402
441403
441405
441407
441408
441409
441458
441501
441502
441503
441808
441810
441900
441918
441920
441921
441922
441928
442001
442002
442106
442108
442109
442110
442111
442112
442153
442205
442206
442207
442308
442309
442310
442311
442312
442401
442402
442405
442407
442408
442608
442700
442708
442909
442911
442913
442915
443105
443107
443108
443109
443110
443111
443205
443207
443208
443209
443210
443211
443305
443306
443405
443407
443433
444001
444007
444111
444112
444113
444114
444115
444116
444118
444119
444120
444121
444122
444123
444124
444125
444129
444200
444305
444308
444309
444405
444406
444408
444508
444512
444601
444608
444609
444700
444703
444710
444712
444713
444714
444715
444716
444717
444718
444722
444724
444726
444727
444811
444812
444814
444815
444816
444817
444818
444819
444820
444821
444822
444823
444824
444825
444826
444827
444900
444910
444911
444912
444913
444914
444915
444921
444923
445309
451550
451555
451557
451558
451559
451563
451661
451663
451664
451665
451667
451695
451882
452001
452002
452003
452004
452005
452006
452007
452008
452009
452010
452011
452012
452013
452014
452015
452016
452017
452018
452019
452052
452056
453235
453236
453440
453441
453442
453443
453446
453771
453772
453773
453777
454002
454020
454115
454129
454276
454341
454345
454350
454365
454448
454545
454554
454571
454592
454661
454667
454668
454669
454745
454749
454772
454774
454775
454776
454850
455000
455001
455002
455003
455004
455005
455006
455007
455008
455009
455112
455113
455114
455116
455117
455119
455120
455133
455178
455179
455180
455224
455226
455302
455333
455335
455435
455552
456001
456002
456004
456006
456008
456009
456010
456012
456300
456551
456552
456662
456663
456666
456673
457001
457003
457111
457112
457115
457223
457225
457227
457330
457332
457334
457335
457337
457440
457552
457553
457556
457583
461338
461427
462001
462002
462003
462004
462005
462006
462007
462008
462009
462010
462011
462015
462016
462018
462021
462022
462023
462024
462025
462026
462027
462028
462029
462034
462035
462046
462048
462049
462050
462051
462052
462053
462054
462055
462056
462057
462058
462059
462060
462061
462062
462063
462064
462065
462420
462421
462464
463105
463113
464003
464010
464020
464021
464334
464552
464553
464554
464555
464556
464570
464573
464670
464676
464887
464994
464995
465111
465118
465221
465231
465332
465336
465418
465440
465474
465516
465597
465619
465668
465670
465671
465672
465682
465686
465690
465695
465696
465699
466000
466003
466011
466112
466117
466119
466166
474000
474001
474002
474003
474004
474005
474006
474007
474008
474009
474010
474011
474012
474013
475006
475228
475351
475530
475533
475668
475677
475693
477006
477106
477415
477450
477556
481003
481022
481103
481104
481106
481125
481228
481554
481584
481667
481883
481892
481980
482001
482002
482003
482004
482005
482006
482012
482013
482014
482015
482016
482017
482018
482019
482022
482023
482024
482025
482026
482027
482028
482029
482050
482052
482053
482054
482055
483050
483333
483443
483445
483446
483500
483501
483502
483503
483507
483778
483886
484002
484003
484223
484445
484447
485000
485001
485002
485003
485004
485006
485133
485336
485339
485344
486000
486001
486004
486007
486112
486113
486116
486228
486342
486343
486442
486443
486444
486449
486451
486497
486536
486552
486554
486662
486773
486893
486894
487231
487552
487885
488447
490001
490008
490013
490019
490027
490028
490029
490030
490031
490032
490033
490034
490035
490037
490038
490039
490040
490041
490044
491001
491003
491006
491113
491224
491333
491339
491341
491996
492001
492002
492003
492004
492005
492006
492007
492008
492009
492010
492011
492012
492013
492014
492015
492018
492019
492050
492099
492100
492102
492104
492108
492109
493109
493110
493111
493221
493330
493334
493354
493443
493446
493562
493779
493781
493782
493786
493883
493895
493998
494678
494679
494775
495001
495005
495008
495111
495221
495225
495331
495336
495337
495338
495422
495542
495650
495652
495669
495677
495680
495685
496001
496003
496004
496112
496197
496460
496553
496660
496669
500000
500001
500002
500003
500004
500005
500006
500007
500008
500009
500010
500011
500012
500013
500014
500015
500016
500017
500018
500019
500020
500021
500022
500023
500024
500025
500026
500027
500028
500029
500030
500031
500032
500033
500034
500035
500036
500037
500038
500039
500040
500041
500042
500043
500044
500045
500046
500047
500048
500049
500050
500051
500052
500053
500054
500055
500056
500057
500058
500059
500060
500061
500062
500063
500064
500065
500066
500067
500068
500069
500070
500071
500072
500073
500074
500075
500076
500077
500078
500079
500080
500081
500082
500083
500084
500085
500086
500087
500088
500090
500091
500092
500093
500094
500095
500096
500097
500098
500099
500100
500101
500102
500103
500104
500105
500107
500108
500109
500110
500111
500112
500113
500114
500115
500133
500134
500138
500141
500146
500170
500171
500175
500177
500178
500195
500252
500253
500258
500264
500265
500266
500267
500361
500380
500409
500457
500463
500472
500475
500476
500482
500484
500485
500486
500488
500556
500587
500593
500594
500605
500658
500659
500660
500661
500762
500768
500855
500872
500873
500890
500960
500963
500991
501104
501105
501107
501108
501109
501112
501113
501114
501115
501143
501145
501146
501147
501148
501149
501150
501151
501152
501153
501154
501155
501156
501157
501172
501204
501205
501206
501217
501218
501301
501325
501355
501401
501403
501404
501405
501513
501514
501515
501516
501518
501520
501521
501522
501523
501525
501526
501527
501528
501531
501533
501534
501535
501536
501537
502002
502003
502032
502101
502102
502104
502107
502108
502109
502110
502113
502114
502115
502117
502125
502130
502132
502211
502212
502213
502220
502224
502225
502227
502247
502248
502251
502255
502267
502279
502280
502281
502288
502289
502292
502297
502299
502304
502308
502317
502322
502323
502325
502336
502340
502374
507130
507134
507135
515412
517104
517105
517106
517107
517108
517109
517110
517111
517114
517115
517116
517117
517118
517133
517134
517135
517136
517137
517138
517139
517140
517141
517142
517143
517144
517145
517146
517147
517148
517149
517150
517151
517152
517153
517154
517160
517161
517162
517163
517164
517165
517166
517173
517195
517196
517197
517198
517199
517212
517215
517216
517217
517218
517231
517238
517239
517240
517241
517242
517278
517292
517298
517301
517302
517333
517372
517501
517508
517509
517511
517512
517513
517514
517515
517516
517517
517518
517521
517527
517562
517564
517565
517566
517567
517570
517596
517604
517621
517649
517650
517655
518001
518013
518015
518016
518017
518018
518019
518020
518021
518022
518023
518026
518115
518116
518137
518138
518146
518150
518157
518158
518179
518186
518202
518219
518300
518305
518309
518311
518317
518318
518319
518324
518325
518352
518362
518363
518371
518381
518382
518386
518391
518398
518399
518403
518404
518406
518407
518414
518426
518434
518470
518509
518515
518517
518522
518534
518550
518555
518584
518596
518601
518607
518669
518675
518685
520000
520001
520002
520003
520004
520005
520006
520007
520008
520009
520010
520011
520012
520013
520014
520015
520016
520017
520050
521004
521006
521010
521011
521014
521101
521102
521103
521104
521105
521107
521108
521109
521110
521112
521113
521114
521115
521116
521117
521118
521122
521123
521124
521128
521129
521137
521139
521140
521144
521152
521155
521160
521167
521168
521169
521171
521176
521177
521179
521184
521186
521204
521205
521206
521208
521216
521217
521218
521219
521221
521225
521231
521233
521236
521240
521242
521247
521251
521253
521256
521265
521281
521285
521288
521314
521315
521319
521320
521332
521334
521338
521341
521342
521358
521370
521372
521375
521379
521384
521390
521391
521397
521399
521404
521411
521421
521424
521429
521436
521444
521452
522001
522008
522010
522013
522014
522021
522023
522024
522025
522026
522027
522028
522035
522036
522050
522116
522121
522125
522126
522180
522203
522208
522210
522214
522215
522221
522222
522223
522225
522237
522238
522239
522240
522258
522260
522263
522266
522267
522269
522270
522271
522272
522273
522274
522275
522276
522277
522278
522279
522280
522281
522282
522290
522291
522292
522293
522294
522295
522296
522297
522298
522299
522302
522303
522305
522312
522313
522320
522321
522332
522340
522354
522370
522404
522405
522406
522407
522411
522418
522419
522428
522440
522501
522502
522503
522504
522511
522515
522516
522608
522609
522610
522618
522620
522623
522630
522631
522655
522659
522668
524001
524006
524112
524119
524125
524163
524204
524205
524206
524207
524218
524225
524234
524289
524300
524303
524328
524329
524330
524331
524332
524333
524334
524339
524349
524352
524354
524363
524375
524401
524416
524428
524441
524443
524446
530000
530001
530002
530003
530004
530005
530006
530007
530008
530009
530010
530011
530012
530013
530014
530015
530016
530017
530018
530019
530020
530021
530022
530023
530024
530025
530027
530029
530030
530031
530032
530033
530034
530035
530036
530037
530038
530039
530040
530041
530042
530043
530044
530045
530046
530047
530048
530049
531016
531039
531041
531043
531046
531047
531049
531051
531054
531056
531057
531062
531064
531072
531078
531079
531086
531091
531092
531101
531108
531110
531112
531120
531131
531133
531135
531145
531148
531152
531160
531161
531172
531173
531183
531184
531203
531204
531210
531211
531212
531214
531215
531217
531218
531219
531220
531221
531222
531223
531224
531225
531226
531227
531229
531230
531231
531232
531234
531235
531236
531237
531238
531239
531240
531241
531242
531250
531260
531261
531270
531273
531277
531280
531281
531291
531292
531301
531303
531322
531360
532102
532128
532137
532138
532142
532145
532217
532502
532521
532522
532523
532524
532525
532526
532527
532529
532530
532534
532546
532547
532548
532557
532562
532566
532568
532569
532573
532578
532579
532580
532581
532582
532584
532586
532591
532592
532593
532595
532599
532604
532612
532613
532617
532620
532663
532664
533101
533109
533122
533133
533137
533219
533224
533225
533226
533227
533230
533231
533241
533243
533256
533258
533265
533271
533275
533281
533282
533301
533310
533312
533315
533321
533325
533327
533328
533333
533334
533348
533349
533351
533375
533384
533387
533409
533410
533418
533438
533439
533482
533484
533485
533501
533502
533503
533506
533514
533519
533523
533524
533537
533540
533541
533547
533551
533554
533557
533566
533581
533583
533588
534015
534108
534116
534127
534129
534136
534137
534150
534152
534154
534157
534160
534203
534229
534251
534261
534270
534271
534272
534274
534278
534291
534293
534314
534319
534343
534347
534351
534352
534353
534355
534357
534362
534390
534392
534429
534444
534459
534486
535160
535261
535280
535342
535350
535532
535559
535581
535582
535594
560000
560001
560002
560003
560004
560005
560006
560007
560008
560009
560010
560011
560012
560013
560014
560015
560016
560017
560018
560019
560020
560021
560022
560023
560024
560025
560026
560027
560028
560029
560030
560031
560032
560033
560034
560035
560036
560037
560038
560039
560040
560041
560042
560043
560044
560045
560046
560047
560048
560049
560050
560051
560052
560053
560054
560055
560056
560057
560058
560059
560060
560061
560062
560063
560064
560065
560066
560067
560068
560069
560070
560071
560072
560073
560074
560075
560076
560077
560078
560079
560080
560081
560082
560083
560084
560085
560086
560087
560088
560089
560090
560091
560092
560093
560094
560095
560096
560097
560098
560099
560100
560101
560102
560103
560104
560105
560106
560107
560108
560109
560110
560111
560112
560113
560114
560115
560116
560117
560118
560119
560231
560232
560233
560234
560235
560236
560237
560238
560239
560300
560301
560302
560303
560304
560305
560306
560307
560308
560309
560500
560501
560502
560503
560504
560505
560506
560507
560508
560509
561203
561229
562100
562106
562107
562109
562111
562114
562115
562116
562122
562123
562124
562125
562127
562129
562130
562131
562132
562133
562134
562136
562137
562140
562141
562142
562143
562144
562145
562146
562147
562148
562149
562150
562151
562152
562153
562154
562155
562156
562157
562158
562161
562162
562163
562164
562165
562166
562167
562168
562169
563109
563133
563140
563141
563142
563143
563144
563145
563148
563149
563150
563151
563152
563154
563156
563158
563163
563222
570001
570002
570003
570004
570005
570006
570007
570008
570009
570010
570011
570012
570013
570014
570015
570016
570017
570018
570019
570020
570021
570022
570023
570024
570025
570026
570027
570028
570029
570030
570031
570032
570033
570034
571103
571106
571130
571131
571132
571133
571135
571136
571137
571138
571139
571140
571141
571142
571143
571144
571145
571146
571147
571148
571149
571150
571151
571152
571153
571154
571155
571156
571157
571158
571159
571160
571161
571162
571163
571164
571165
571166
571167
571168
571169
571170
571171
571172
571173
571174
571175
571176
571177
571178
571180
571181
571182
571183
571184
571220
571221
571222
571223
571238
571239
571240
571241
571242
571243
571244
571245
571246
571256
571257
571258
571259
571260
571261
571263
571264
571265
571266
571267
571268
571270
571271
571272
571273
571304
571311
571317
571318
571319
571321
571322
571323
571324
571325
571326
571327
571328
571329
571330
571331
571332
571333
571334
571335
571336
571337
571339
571340
571341
571349
571406
571407
571423
571449
571451
571452
571453
571454
571456
571458
571459
571460
571461
571462
571464
571465
571466
571467
571468
571469
571470
571471
571472
571473
571475
571479
571481
571482
571483
571484
571485
571487
571489
571491
571492
571493
571494
571495
571496
571497
571498
571499
571609
571611
571612
571613
571614
571615
571616
571803
571804
571805
571806
571808
571809
571810
571811
572101
572102
572103
572104
572105
572106
572145
572146
572147
572148
572149
572160
572163
572164
572166
572167
572169
572170
572171
572173
572174
572229
573138
573139
573140
573143
573145
573146
573147
573148
573149
573151
573152
573153
573154
573155
573156
573157
573158
573159
573177
573201
573221
573222
573223
573224
573228
574120
574121
574123
574124
574125
574126
574127
574128
574130
574131
574132
574133
574134
574135
574136
574137
574138
574139
574140
574141
574142
574144
574145
574146
574147
574148
574149
574150
574151
574152
574153
574154
574156
574157
574158
574159
574160
574161
574162
574163
574164
574165
574166
574167
574168
574169
574170
574171
574172
574173
574174
574175
574176
574177
574178
574179
574180
574181
574182
574183
574184
574185
574186
574187
574188
574189
574190
574191
574192
574193
574194
574195
574196
574197
574204
574208
574224
574225
574226
574245
574246
574247
574249
574250
574251
574252
574254
574255
574256
574257
574261
574262
574263
574264
574266
574267
574268
574269
574270
574271
574272
574273
574274
574275
574276
574277
574278
574280
574281
574282
574283
574284
574286
574287
574288
574289
574290
574291
574292
574293
574294
574295
574296
574297
574298
574299
574300
574301
574302
574303
574304
574305
574306
574307
574309
574310
574311
574312
574315
574316
574317
574318
574319
574320
574321
574329
574333
574334
574335
574336
574337
574371
574501
574502
574503
574504
574505
574507
574508
574509
575001
575002
575003
575004
575005
575006
575007
575008
575009
575010
575011
575012
575013
575014
575015
575016
575017
575018
575019
575020
575021
575022
575023
575024
575025
575026
575027
575028
575029
575030
575314
575328
576101
576109
576110
576116
576126
576127
576128
576129
576200
576236
576237
576238
576239
576240
576241
576242
576243
576245
576246
576248
576250
576251
576252
576253
576254
576255
576256
576258
576259
576260
576261
576262
576263
576264
576265
576266
576270
576272
576273
576274
576275
576276
576277
576278
576279
576280
576281
577001
577002
577003
577004
577005
577119
577201
577202
577203
577204
577212
577231
577234
577235
577236
577237
577238
577239
577240
577241
577242
577244
577246
577247
577306
577321
577437
577438
577439
577440
577441
577442
577443
577444
577445
577446
577447
577448
577449
577450
577454
577560
577561
577562
577563
577564
577565
577567
577568
577569
577583
580001
580011
580019
580020
580021
580022
580023
580024
580025
580026
580028
580029
580030
580031
580032
580110
580116
580117
580118
580211
580212
580213
580214
580215
580216
581122
581124
581125
581127
581130
581131
581132
581133
581134
581135
581136
581137
581138
581139
581140
581141
581143
581144
581146
581147
581149
581150
581151
581152
581153
581154
581155
581156
581157
581158
581159
581160
581161
581162
581163
581164
581165
581166
581167
581168
581169
581170
581171
581172
581173
581174
581175
581176
581177
581178
581179
581190
581191
581192
581194
581197
581198
581199
581200
581207
581209
581214
581215
581217
581218
581219
581230
581231
581232
581233
581234
581235
581236
581237
581315
581413
581414
581416
581417
581418
581419
582106
582109
582121
582122
582123
582124
582125
582126
582127
582128
582131
582132
582135
582136
582137
582139
582140
582141
582142
582143
582146
582213
582214
582215
582216
582217
582218
582219
582220
582221
582222
582223
582224
582225
582226
582227
582228
582229
582230
582231
582232
582233
582234
582235
582236
582237
582238
582239
582240
582241
582243
583101
583108
583133
583139
583140
583141
583142
583143
583144
583145
583146
583147
583148
583149
583153
583154
583155
583201
583209
583215
583260
583261
583262
583263
583264
583265
583266
583267
583269
583270
583271
583272
583273
583274
583284
583285
583287
584112
584130
584160
584161
584162
584164
584165
584166
584169
585101
585102
585103
585104
585109
585233
585234
585238
585239
585260
585261
585264
585266
585267
585268
585269
585340
585341
585342
585343
585344
585345
585346
585347
585348
585349
585360
585361
585362
585363
585364
585365
585366
585369
585370
585371
585372
585373
585374
585375
585377
585378
590001
590002
590003
590004
590005
590006
590007
590008
590009
590010
590013
590016
591105
591132
591133
591134
591135
591138
591140
591141
591142
591144
591145
591146
591149
591150
591151
591152
591154
591155
591157
591159
591160
591161
591162
591163
591164
591167
591168
591169
591170
591171
591172
591175
591177
591178
591179
591180
591182
591183
591184
591185
591186
591187
591188
591189
591190
591191
591192
591193
591194
591195
591196
591197
591198
591206
591210
591249
591251
591252
591253
591255
591256
591257
591258
591259
591260
591261
591262
591264
591266
591268
591269
591270
591271
591272
591273
591274
591275
591276
591279
591280
591281
591282
591283
591284
591285
591286
591288
591289
591290
591291
591292
591293
591295
591296
591297
591298
591318
591320
591321
591322
591323
591324
591326
591327
591328
591329
591330
591331
591332
591333
591334
591337
591338
591339
591341
591342
591343
591394
595325
600000
600001
600002
600003
600004
600005
600006
600007
600008
600009
600010
600011
600012
600013
600014
600015
600016
600017
600018
600019
600020
600021
600022
600023
600024
600025
600026
600027
600028
600029
600030
600031
600032
600033
600034
600035
600036
600037
600038
600039
600040
600041
600042
600043
600044
600045
600046
600047
600048
600049
600050
600051
600052
600053
600054
600055
600056
600057
600058
600059
600060
600061
600062
600063
600064
600065
600066
600067
600068
600069
600070
600071
600072
600073
600074
600075
600076
600077
600078
600079
600080
600081
600082
600083
600084
600085
600086
600087
600088
600089
600090
600091
600092
600093
600094
600095
600096
600097
600098
600099
600100
600101
600102
600103
600104
600105
600106
600107
600108
600109
600110
600111
600112
600113
600114
600115
600116
600117
600118
600119
600120
600121
600122
600123
600124
600125
600126
600127
600128
600129
601101
601102
601103
601104
601201
601202
601203
601204
601205
601206
601209
601210
601211
601212
601213
601214
601302
601303
601304
601305
601306
601307
601308
601309
602001
602002
602003
602004
602021
602022
602023
602024
602025
602026
602027
602028
602101
602102
602103
602104
602105
602106
602107
602108
602109
602111
602112
602113
602114
602115
602116
602117
603011
603024
603048
603113
603114
603115
603116
603118
603120
603121
603122
603126
603205
603209
603212
603219
603232
603314
603315
603316
603317
603318
603320
603401
603407
604024
604103
604105
604155
604156
604211
604212
604213
604309
604411
604412
604413
604414
604415
605001
605002
605003
605004
605005
605006
605007
605008
605009
605011
605012
605013
605014
605016
605036
605104
605106
605110
605111
605112
605113
605114
605115
605116
605118
605120
605123
605207
605403
605501
605504
605606
605655
605753
605758
605802
605805
605809
606101
606109
606123
606209
606221
606223
606306
606307
606309
606405
606407
607001
607002
607008
607207
607305
607307
607402
607404
608101
608103
608104
608201
608600
608708
608709
608803
608804
609207
609502
609809
609813
609814
610110
610111
610112
610113
610114
610115
610116
610210
610211
612001
612108
612205
612206
612309
612509
612606
612607
612608
612609
612715
612719
612805
612806
612807
612905
613302
613304
613305
613307
613308
613706
613707
614141
614633
614634
614635
614636
614637
614638
614639
620000
620001
620002
620003
620004
620005
620006
620007
620008
620009
620010
620011
620012
620013
620014
620015
620016
620017
620018
620019
620020
620021
620022
620023
620024
620025
620026
620027
620101
620102
621013
621016
621017
621018
621019
621020
621021
621023
621105
621111
621112
621120
621127
621128
621129
621201
621207
621221
621224
621229
621303
621304
621309
621315
621317
621324
621604
621620
621624
621723
621731
621807
621853
621901
621902
621904
622009
622052
622053
622054
622055
622056
622103
622106
622107
622108
622205
622206
622207
622208
622210
622211
622212
622213
622305
622306
622307
622309
622310
622311
622312
622313
622314
622315
622316
622317
622405
622406
622410
622413
622414
622415
622416
622417
622419
622420
622421
622508
622509
622510
622511
622512
622513
622514
622518
622521
622522
623101
623102
623103
623104
623105
623106
623107
623108
623109
623110
623111
623113
623123
623301
623302
623303
623304
623305
623306
623309
623310
623311
623312
623313
623314
623317
623318
623319
623320
623405
623408
623410
623530
623535
623539
623542
623543
623544
623545
623546
623549
623551
623552
623553
623554
623555
623556
623557
623558
623559
623560
623561
623562
623565
623569
623597
623602
623606
623607
623609
623610
623612
623613
623617
623702
623709
623710
623713
623716
623718
623719
623720
623721
623726
623733
623801
623802
623804
623806
623807
623808
625001
625002
625003
625004
625005
625006
625007
625008
625009
625010
625011
625012
625013
625014
625015
625016
625017
625018
625019
625020
625021
625022
625023
625025
625107
625111
625113
625114
625115
625116
625117
625119
625120
625123
625124
625125
625126
625127
625151
625152
625201
625206
625209
625217
625221
625301
625302
625303
625304
625305
625401
625402
625403
625404
625502
625503
625504
625506
625514
625565
625566
625709
625712
626704
627001
627057
627102
627122
627123
627124
627125
627126
627128
627129
627130
627131
627132
627137
627153
627154
627301
627302
627303
627304
627305
627331
627360
627361
627404
627411
627419
627427
627430
627431
627432
627433
627434
627435
627436
627445
627502
627510
627531
627551
627658
627659
627661
627694
627702
627703
627704
627706
627712
627714
627716
627717
627718
627720
627721
627722
627723
627724
627725
627726
627727
627752
627762
627763
627765
627766
627767
627768
627769
627770
627771
627773
627774
627778
627801
627815
627816
627819
627820
627821
627822
627823
627864
627866
627867
627901
627903
627904
627905
627906
627907
627908
627909
627910
627911
627912
627952
627954
627955
627956
627957
628001
628002
628009
628106
628108
628153
628154
628155
628218
628220
628221
628222
628223
628224
628225
628226
628227
628228
628253
628255
628302
628305
628306
628307
628308
628309
628313
628404
628408
628513
628522
628524
628553
628562
628611
628618
628624
628625
628626
628627
628628
628629
628630
628631
628651
628652
628654
628655
628657
628658
628659
628660
628661
628662
628663
628705
628706
628707
628717
628723
628724
628726
628728
628751
628803
628806
628821
628857
628906
628911
628991
630009
630010
630011
630078
630105
630209
630214
630215
630304
630308
630310
630311
630315
630317
630318
630319
630321
630401
630402
630403
630404
630407
630408
630409
630413
630416
630503
630520
630523
630552
630565
630601
630603
630604
630605
630607
630608
630612
630613
630615
630617
630654
631053
631054
631056
631057
631059
631060
631061
631063
631104
631118
631122
631208
631216
631401
631402
631404
631501
631502
631504
631554
631555
631556
631557
631558
631604
631605
631607
631703
631704
632001
632052
632053
632054
632116
632205
632207
632208
632211
632216
632218
632234
632401
632408
632522
632523
632524
632525
632526
632527
632528
632529
632530
632604
632605
632606
632607
632608
632616
632631
635003
635012
635100
635103
635104
635105
635109
635110
635114
635116
635117
635119
635124
635125
635126
635127
635128
635129
635130
635131
635132
635133
635134
635135
635136
635137
635138
635139
635208
635209
635211
635212
635254
635308
635309
635310
635311
635312
635313
636001
636002
636003
636004
636005
636006
636007
636008
636009
636010
636011
636012
636013
636014
636015
636016
636018
636030
636103
636106
636122
636123
636124
636126
636130
636131
636137
636139
636140
636142
636201
636203
636204
636205
636302
636307
636308
636315
636318
636319
636321
636361
636400
636407
636462
636463
636502
636504
636506
636604
636751
636771
636815
636816
636821
636908
636915
637022
637023
637024
637025
637026
637103
637109
637111
637112
637113
637127
637152
637216
637217
637219
637303
637305
637306
637307
637413
637414
637415
637416
637417
637418
637420
637422
637423
637501
637502
637504
637507
638001
638002
638003
638004
638005
638007
638009
638010
638011
638015
638016
638051
638053
638054
638055
638056
638057
638058
638059
638102
638107
638109
638110
638112
638113
638115
638116
638117
638118
638119
638126
638129
638130
638153
638154
638157
638183
638184
638301
638302
638303
638307
638308
638311
638312
638319
638324
638327
638328
638403
638404
638405
638406
638464
638466
638469
638470
638471
638472
638475
638508
638511
638512
638514
638589
638602
638603
638605
638606
638607
638611
638612
638644
638649
638651
638652
638653
638654
638655
638658
638659
638662
638663
638664
638665
638666
638667
638668
638669
638670
638671
638674
638675
638681
638684
638687
638690
638691
638696
638697
638698
638704
638705
638709
638802
638804
638807
638856
639001
639002
639101
639103
639106
639112
639115
639121
639139
639204
639210
639212
639213
641001
641002
641003
641004
641005
641006
641007
641008
641009
641010
641011
641012
641013
641014
641015
641016
641017
641018
641019
641020
641021
641022
641023
641024
641025
641026
641027
641028
641029
641030
641031
641032
641033
641034
641035
641036
641037
641038
641039
641040
641041
641042
641043
641044
641045
641046
641047
641048
641049
641061
641062
641063
641064
641065
641066
641067
641068
641069
641101
641102
641103
641105
641107
641108
641109
641110
641111
641112
641114
641115
641116
641117
641118
641119
641201
641203
641204
641205
641206
641207
641208
641209
641303
641402
641403
641404
641405
641407
641408
641409
641461
641601
641602
641603
641604
641605
641606
641607
641608
641609
641652
641653
641654
641655
641658
641659
641660
641662
641663
641664
641666
641667
641668
641669
641685
641687
641695
643001
643106
643210
643222
643228
643229
643230
643236
643238
643245
643247
643249
643251
643255
643256
643257
643258
643259
643271
643272
643273
643275
643276
643277
643278
643279
643280
643282
670000
670015
670016
670051
670100
670109
670111
670314
670317
670318
670319
670322
670338
670339
670343
670507
670522
670543
670565
670566
670583
670605
670614
670615
670677
670678
670679
670700
673000
673001
673002
673003
673004
673005
673006
673007
673008
673009
673010
673011
673012
673013
673014
673015
673016
673017
673018
673019
673020
673021
673022
673023
673024
673025
673026
673027
673028
673029
673031
673032
673035
673037
673051
673055
673108
673110
673112
673300
673301
673302
673303
673319
673324
673326
673327
673328
673330
673333
673338
673500
673511
673514
673518
673520
673530
673532
673533
673534
673535
673543
673555
673557
673558
673570
673571
673572
673573
673580
673582
673583
673585
673586
673587
673588
673600
673601
673602
673603
673604
673607
673611
673613
673616
673617
673618
673619
673623
673624
673631
673632
673633
673643
673650
673655
673661
678008
678016
678017
678018
678019
678020
678021
678022
678023
678024
678051
678105
678509
678513
678558
678575
678578
678584
678586
678587
678589
678600
678602
678603
678604
678606
678609
678614
678615
678616
678634
678637
678638
678678
678689
678708
678709
678733
678761
679125
679310
679311
679312
679508
679517
679518
679528
679537
679538
679541
679556
680000
680001
680002
680003
680004
680005
680006
680007
680008
680009
680010
680011
680012
680013
680014
680015
680016
680017
680018
680019
680020
680021
680022
680103
680304
680305
680306
680312
680313
680314
680315
680316
680317
680318
680319
680321
680322
680323
680324
680325
680520
680525
680534
680547
680549
680554
680555
680570
680572
680573
680574
680575
680581
680592
680593
680600
680609
680610
680612
680617
680621
680642
680651
680652
680653
680654
680655
680657
680667
680673
680692
680693
680694
680695
680698
680704
680723
680725
680736
680751
680752
680771
682000
682001
682002
682003
682004
682005
682006
682007
682008
682009
682010
682011
682012
682013
682014
682015
682016
682017
682018
682019
682020
682021
682022
682023
682024
682025
682026
682027
682028
682029
682030
682031
682032
682033
682034
682035
682036
682037
682038
682039
682040
682041
682042
682043
682044
682050
682051
682052
682054
682301
682302
682303
682304
682305
682306
682307
682308
682309
682310
682311
682312
682313
682314
682315
682316
682317
682319
682320
682501
682502
682503
682504
682505
682506
682507
682508
682509
682510
682511
682552
682554
682556
682557
682558
682559
683101
683102
683103
683104
683105
683106
683107
683108
683109
683110
683111
683112
683117
683501
683502
683503
683504
683505
683506
683510
683511
683512
683523
683524
683527
683555
683557
683561
683562
683563
683564
683565
683571
683574
683575
683576
683577
683578
683579
683580
683581
683582
683583
683584
683585
683586
683589
683591
683592
683593
686005
686020
686023
686026
686029
686033
686034
686036
686037
686038
686040
686108
686124
686145
686525
686529
686550
686552
686567
686568
686571
686584
686588
686589
686590
686591
686592
686594
686595
686596
686597
686600
686614
686617
686619
686627
686638
686640
686641
686642
686646
686654
686676
686677
686679
686680
686683
686687
686689
686694
686696
686697
686698
686722
686723
686726
686730
688010
688016
688017
688018
688019
688501
688502
688507
688508
688509
688511
688546
688554
688558
688560
688565
688571
688583
688584
688587
689108
689114
689519
689529
689552
689575
689577
689579
689580
689593
689596
689600
689616
689628
689629
689630
689632
689657
689660
689665
689681
689682
689704
689705
689706
689712
689722
689723
690109
690524
690543
690553
690554
690556
690557
690560
690565
690566
690567
690568
690569
691001
691002
691003
691004
691005
691006
691007
691008
691009
691010
691011
691012
691013
691014
691015
691016
691017
691018
691019
691020
691021
691022
691300
691301
691314
691315
691316
691317
691318
691319
691320
691321
691324
691325
691326
691329
691330
691500
691501
691514
691517
691519
691527
691542
691545
691547
691548
691562
691573
691580
691586
691588
691605
691623
691624
691625
695001
695002
695003
695004
695005
695006
695007
695008
695009
695010
695011
695012
695013
695014
695015
695016
695017
695018
695019
695020
695021
695022
695023
695024
695025
695026
695027
695028
695029
695030
695031
695032
695033
695034
695035
695036
695037
695038
695039
695040
695041
695042
695043
695044
695045
695047
695049
695099
695105
695120
695127
695128
695130
695134
695301
695302
695303
695314
695315
695316
695317
695501
695509
695521
695522
695524
695527
695557
695560
695568
695570
695573
695576
695581
695582
695583
695584
695585
695586
695587
695588
695618
700000
700001
700002
700003
700004
700005
700006
700007
700008
700009
700010
700011
700012
700013
700014
700015
700016
700017
700018
700019
700020
700021
700022
700023
700024
700025
700026
700027
700028
700029
700030
700031
700033
700034
700035
700036
700037
700038
700039
700040
700041
700042
700043
700044
700045
700046
700047
700048
700049
700050
700051
700052
700053
700054
700055
700056
700057
700059
700060
700061
700062
700063
700065
700066
700067
700068
700069
700070
700071
700072
700073
700074
700075
700076
700077
700078
700080
700082
700083
700085
700086
700087
700088
700089
700090
700091
700092
700093
700094
700095
700097
700098
700099
700101
700102
700105
700106
700107
700108
700115
700117
700136
700177
701101
701102
701106
701111
711101
711102
711103
711212
711214
711247
711301
711302
711324
711325
711326
711327
711406
711407
711415
711416
712101
712102
712103
712104
712105
712106
712107
712108
712109
712120
712150
712151
712153
712154
712155
712156
712157
712158
712208
712211
712216
712231
712236
712237
712238
712239
712241
712242
712243
712244
712251
712253
712254
712255
712256
712257
712310
712311
712314
712344
712365
712411
712419
712420
712421
712422
712423
712425
712426
712428
712505
712506
712507
712508
712509
712510
712511
712543
712604
712606
712607
712608
712609
712610
712636
712703
712712
713100
713105
713107
713108
713120
713127
713132
713135
713139
713158
713161
713162
713164
713165
713167
713171
713173
713201
713211
713212
713213
713214
713215
713216
713309
713311
713312
713314
713316
713317
713318
713319
713320
713327
713328
713329
713345
713351
713352
713353
713354
713355
713366
713374
713375
713376
713379
713382
713387
713412
713429
713432
713518
713520
713523
713529
714124
721103
721123
721126
721131
721136
721138
721140
721144
721145
721149
721155
721156
721158
721160
721162
721163
721164
721165
721168
721169
721170
721202
721203
721204
721205
721206
721207
721208
721209
721210
721242
721247
721252
721254
721256
721257
721258
721259
721300
721301
721302
721303
721304
721305
721306
721459
721460
721466
721502
721519
721577
721637
721638
721660
721661
721662
731402
731403
731424
732101
732104
732145
732146
732149
732151
732154
732155
732156
732157
732158
733104
733105
733106
733107
733108
733111
733112
733113
733114
733115
733116
733117
733118
733120
733122
733146
733147
733148
733149
733150
733151
733153
733154
733203
733206
733216
733246
734000
734001
734003
734004
734005
734006
734007
734008
734009
734010
734011
734012
734013
734014
734015
734016
734018
734318
734401
734402
734403
734404
734405
734406
734407
734421
734423
734426
734427
734429
734430
734431
734432
734433
734434
734436
734500
735100
735136
735137
735138
735140
735236
735237
735306
737101
737109
737118
737119
737122
737123
737124
737127
743194
743195
743200
743202
743203
743204
743206
743211
743212
743231
743236
743240
743244
743246
743250
743266
743274
743276
743288
743295
743298
743299
743316
743379
743389
743434
743436
743440
743441
743443
743486
743500
743506
743508
743700
743703
743705
743706
743707
743744
751001
751002
751003
751004
751005
751006
751007
751008
751009
751010
751011
751012
751013
751014
751015
751016
751017
751018
751019
751020
751021
751022
751023
751024
751025
751026
751027
751028
751033
752028
752029
752036
752051
752053
752058
752059
752075
752086
752087
752088
752095
752096
752101
752103
753001
753002
753003
753004
753005
753006
753007
753008
753009
753010
753011
753012
753013
753014
753015
753016
753029
753052
754001
754014
754015
754016
754017
754025
754026
754033
754036
754070
754080
754081
754101
754109
754115
754116
754117
754118
754144
754154
754155
754156
754157
754158
754159
754161
754226
754229
754230
754232
754233
754235
754236
754237
754238
754241
754242
754243
754247
754249
754252
754253
754260
754261
754280
754281
754282
754283
754284
754285
754286
754287
754288
754291
755021
755030
755031
755032
755033
755034
755035
755037
755038
755039
755040
755041
755042
755045
755046
755048
755054
755080
756012
756050
756052
756053
756054
756057
756071
756072
756073
756074
756075
756076
756077
756078
756079
756082
756087
756088
757012
757015
757027
757056
757070
757071
757072
757074
757076
757078
757080
757093
757101
757103
759003
759004
759006
759007
759008
759009
759010
759011
759012
759029
760013
761021
761022
761033
761034
761038
761039
761040
761044
761046
761056
761112
761113
761127
761128
761132
761134
761135
761136
761137
761138
761139
761142
761145
761151
761216
762018
762025
762108
762111
767031
767034
767036
767043
767044
767047
767048
767049
767050
767063
767064
768001
768002
768003
768004
768005
768006
768007
768009
768010
768011
768012
768013
768014
768015
768018
768041
768043
768044
768046
768047
768051
768053
768054
768100
768101
768114
768116
768117
768118
768120
768151
768205
768210
770010
770026
770028
770029
770045
770047
770049
770050
770057
770071
770077
781000
781001
781002
781003
781004
781005
781006
781007
781008
781009
781010
781011
781012
781013
781014
781015
781016
781017
781018
781019
781020
781021
781022
781024
781025
781026
781027
781028
781029
781030
781031
781032
781033
781034
781035
781036
781037
781038
781039
781101
781125
781130
781133
781171
781320
781385
783127
783128
783303
783305
783306
783307
783308
783309
783310
783311
783312
783313
783314
783315
783316
783317
783318
783319
783320
783322
783338
783344
783351
784001
784003
784005
784006
784008
784009
784118
784119
784151
784152
784181
784183
785001
785003
785011
785012
785100
785109
785113
785617
785637
785638
785639
785645
786001
786009
786013
786014
786015
786016
786052
786053
786054
786121
786125
786130
786131
786132
786133
786134
786135
786136
786137
786138
786139
786140
786141
786142
786143
786144
786165
786172
786173
786176
786177
786178
786180
786185
786186
786615
786624
786631
788001
788016
788017
788019
788122
788124
788169
788737
788738
788808
788812
788814
789156
791111
791115
792051
792055
792061
792111
793001
793013
793025
793158
793161
795001
795011
795111
795120
795121
795137
795151
796001
796003
796006
796470
796501
796581
796629
796810
796911
797112
797614
798614
798631
798681
799001
799055
799107
799108
799109
799122
799123
799146
799148
799158
799179
799213
799214
800001
800002
800003
800004
800005
800006
800007
800008
800009
800010
800011
800013
800014
800015
800016
800017
800019
800020
800022
801114
801115
801116
801117
801310
801311
801340
801508
801509
803102
803112
803122
803123
803124
803129
803130
803131
803204
803205
803217
803218
803219
803220
803232
803305
803307
804430
804431
804433
804434
804435
804448
804457
805113
805135
805136
805137
805138
805139
805140
805143
805144
805145
805207
805236
811108
811111
812001
812002
812003
812007
812008
812009
813114
813115
813116
813117
813119
813120
813122
813123
813124
813126
813127
813128
813129
813226
813227
813229
813231
813235
814132
815303
815304
815305
815319
816316
818142
822127
822130
822137
822138
822139
823201
824212
824213
824214
824215
824221
824230
824238
824239
825110
825327
825414
826001
826002
826003
826004
826005
826006
826007
826008
826009
826010
826012
826013
826014
826015
826016
826017
826106
826116
827007
827008
827016
828101
828102
828103
828108
828117
828120
828123
828126
828128
828131
828133
828140
828142
828144
828147
828209
828302
828304
828308
828311
829115
829120
829138
829167
829211
829412
831001
831002
831003
831004
831005
831006
831007
831008
831009
831010
831011
831012
831013
831014
831015
831016
831017
831018
831025
831219
832014
832100
832112
832119
833108
833117
833208
834001
834002
834003
834004
834005
834008
834009
834010
834013
834014
834015
834016
835104
835236
835237
835238
835239
835240
835244
835314
838325
841114
842001
842002
842003
842004
842005
842006
842008
842009
843014
843031
843100
843131
843133
843134
843135
843136
843137
843138
843139
843140
843142
843145
843148
843149
843150
843151
843152
843153
843154
843155
843157
843158
843159
843160
843161
843162
843163
843164
843356
844106
844107
844108
844109
844110
844130
844131
844132
844133
844134
844135
844136
844137
844138
844510
844511
844512
844513
844514
844515
844516
844517
844518
844519
844520
844521
844522
844532
845112
845485
853207
854362
